Rule: 23205 ; ANF: f(x1,x2,x3,x4) = 1 + x1 + x3 + x4 ; Rule: 21930 ; ANF: f(x1,x2,x3,x4) = 1 + x1 + x3 + x4
Cycle of length 63 : [ (1,1) (8,1) (2,8) (8,7) (4,2) (8,3) (8,6) (7,3) (7,5) (5,3) (5,7) (1,3) (2,3) (1,4) (3,4) (1,2) (5,2) (2,6) (2,5) (3,6) (3,8) (5,6) (6,2) (1,5) (4,5) (1,8) (7,8) (2,2) (6,1) (4,6) (4,7) (7,6) (8,4) (5,5) (7,1) (1,7) (6,7) (2,4) (4,3) (3,2) (7,4) (6,6) (5,1) (3,5) (2,7) (5,8) (4,4) (2,1) (7,2) (4,8) (6,5) (8,2) (3,7) (8,5) (6,4) (7,7) (3,1) (6,3) (6,8) (3,3) (4,1) (5,4) (8,8) ]
Cycle of length 1 : [ (1,6) ]

Rule: 26265 ; ANF: f(x1,x2,x3,x4) = 1 + x1 + x2 + x4 ; Rule: 21930 ; ANF: f(x1,x2,x3,x4) = 1 + x1 + x2 + x4
Cycle of length 14 : [ (1,1) (8,1) (4,8) (7,5) (7,3) (1,5) (4,5) (2,8) (6,7) (7,4) (6,6) (2,1) (7,2) (8,8) ]
Cycle of length 14 : [ (1,2) (3,2) (2,4) (2,3) (5,4) (7,8) (2,2) (4,1) (6,4) (8,7) (6,2) (6,5) (5,2) (5,6) ]
Cycle of length 14 : [ (1,3) (6,3) (3,8) (8,6) (3,3) (7,1) (3,7) (3,5) (1,7) (2,7) (1,8) (5,8) (3,4) (4,2) ]
Cycle of length 1 : [ (1,4) ]
Cycle of length 14 : [ (1,6) (7,6) (4,4) (3,1) (5,3) (4,7) (4,6) (5,7) (8,3) (2,6) (8,5) (8,4) (5,5) (6,1) ]
Cycle of length 7 : [ (2,5) (3,6) (6,8) (4,3) (8,2) (7,7) (5,1) ]

Rule: 39270 ; ANF: f(x1,x2,x3,x4) = x1 + x2 + x4 ; Rule: 21930 ; ANF: f(x1,x2,x3,x4) = x1 + x2 + x4
Cycle of length 1 : [ (1,1) ]
Cycle of length 14 : [ (1,2) (6,2) (3,5) (8,7) (3,2) (7,4) (3,6) (3,8) (1,6) (2,6) (1,5) (5,5) (3,1) (4,3) ]
Cycle of length 14 : [ (1,3) (3,3) (2,1) (2,2) (5,1) (7,5) (2,3) (4,4) (6,1) (8,6) (6,3) (6,8) (5,3) (5,7) ]
Cycle of length 14 : [ (1,4) (8,4) (4,5) (7,8) (7,2) (1,8) (4,8) (2,5) (6,6) (7,1) (6,7) (2,4) (7,3) (8,5) ]
Cycle of length 14 : [ (1,7) (7,7) (4,1) (3,4) (5,2) (4,6) (4,7) (5,6) (8,2) (2,7) (8,8) (8,1) (5,8) (6,4) ]
Cycle of length 7 : [ (2,8) (3,7) (6,5) (4,2) (8,3) (7,6) (5,4) ]

Rule: 42330 ; ANF: f(x1,x2,x3,x4) = x1 + x3 + x4 ; Rule: 21930 ; ANF: f(x1,x2,x3,x4) = x1 + x3 + x4
Cycle of length 1 : [ (1,1) ]
Cycle of length 63 : [ (1,2) (4,2) (1,3) (7,3) (2,5) (6,6) (4,1) (4,4) (7,1) (8,7) (5,2) (7,6) (1,4) (6,4) (2,7) (4,8) (3,5) (7,7) (6,1) (5,6) (3,2) (2,4) (5,3) (4,7) (2,6) (7,5) (4,3) (6,2) (8,5) (3,4) (8,2) (6,7) (7,4) (3,6) (6,8) (6,3) (3,8) (4,6) (5,7) (8,3) (1,6) (8,6) (2,3) (8,4) (4,5) (8,8) (8,1) (7,8) (7,2) (5,8) (5,4) (1,8) (2,8) (1,7) (3,7) (1,5) (5,5) (2,1) (2,2) (3,1) (3,3) (5,1) (6,5) ]

Rule: 22950 ; ANF: f(x1,x2,x3,x4) = x1 + x2 + x2x3 + x4 ; Rule: 22185 ; ANF: f(x1,x2,x3,x4) = x1 + x2 + x2x3 + x4
Cycle of length 47 : [ (1,1) (1,8) (8,7) (4,2) (8,3) (8,6) (7,3) (7,5) (1,7) (7,6) (8,4) (5,5) (3,5) (8,1) (6,4) (7,7) (3,1) (4,5) (7,2) (4,8) (6,5) (4,6) (4,7) (5,8) (4,4) (2,1) (2,7) (8,5) (2,8) (7,8) (2,2) (5,2) (2,6) (1,6) (2,5) (6,3) (6,8) (3,3) (2,3) (4,1) (3,6) (3,8) (5,6) (6,2) (1,5) (5,4) (8,8) ]
Cycle of length 7 : [ (1,2) (6,1) (8,2) (3,7) (6,7) (2,4) (3,4) ]
Cycle of length 8 : [ (1,3) (3,2) (7,4) (6,6) (5,1) (7,1) (5,3) (5,7) ]
Cycle of length 2 : [ (1,4) (4,3) ]

Rule: 26010 ; ANF: f(x1,x2,x3,x4) = x1 + x3 + x2x3 + x4 ; Rule: 22185 ; ANF: f(x1,x2,x3,x4) = x1 + x3 + x2x3 + x4
Cycle of length 51 : [ (1,1) (1,8) (6,7) (7,4) (6,6) (2,1) (2,7) (4,5) (8,2) (7,7) (5,1) (6,1) (5,2) (5,6) (1,2) (4,1) (4,6) (5,7) (8,3) (2,6) (7,6) (4,4) (3,1) (3,5) (7,1) (7,3) (1,5) (5,4) (7,8) (2,2) (3,2) (2,4) (1,4) (2,3) (8,1) (8,4) (5,5) (2,5) (6,3) (3,8) (8,6) (3,3) (5,3) (4,7) (2,8) (5,8) (3,4) (4,2) (1,3) (7,2) (8,8) ]
Cycle of length 13 : [ (1,6) (8,5) (4,8) (7,5) (3,7) (1,7) (3,6) (6,8) (4,3) (6,4) (8,7) (6,2) (6,5) ]

Rule: 39525 ; ANF: f(x1,x2,x3,x4) = 1 + x1 + x3 + x2x3 + x4 ; Rule: 22185 ; ANF: f(x1,x2,x3,x4) = 1 + x1 + x3 + x2x3 + x4
Cycle of length 12 : [ (1,1) (8,8) (8,1) (1,4) (7,3) (8,5) (5,8) (6,4) (1,7) (6,6) (7,1) (2,3) ]
Cycle of length 25 : [ (1,2) (5,1) (3,1) (6,5) (8,6) (6,3) (6,8) (5,3) (5,7) (1,3) (2,2) (6,2) (3,5) (2,1) (7,7) (4,1) (5,6) (8,2) (2,7) (5,5) (7,5) (6,7) (2,4) (8,4) (4,5) ]
Cycle of length 26 : [ (1,5) (4,4) (6,1) (4,2) (8,3) (7,6) (5,4) (2,8) (4,8) (2,5) (3,3) (4,3) (3,4) (5,2) (4,6) (4,7) (7,8) (7,2) (1,8) (3,7) (8,7) (3,2) (7,4) (3,6) (3,8) (1,6) ]
Cycle of length 1 : [ (2,6) ]

Rule: 42585 ; ANF: f(x1,x2,x3,x4) = 1 + x1 + x2 + x2x3 + x4 ; Rule: 22185 ; ANF: f(x1,x2,x3,x4) = 1 + x1 + x2 + x2x3 + x4
Cycle of length 24 : [ (1,1) (8,8) (8,1) (3,4) (8,2) (6,7) (7,4) (3,6) (6,8) (6,3) (3,8) (4,6) (5,7) (8,3) (1,6) (7,5) (8,7) (5,2) (7,6) (1,4) (5,3) (4,7) (4,8) (3,5) ]
Cycle of length 33 : [ (1,2) (3,1) (5,5) (6,5) (5,6) (3,2) (2,4) (6,4) (2,7) (1,5) (4,4) (7,1) (4,3) (8,4) (4,5) (2,2) (4,2) (1,3) (6,2) (8,5) (7,8) (7,2) (5,8) (5,4) (1,8) (1,7) (2,6) (8,6) (2,3) (5,1) (2,1) (7,7) (6,1) ]
Cycle of length 3 : [ (2,5) (3,3) (7,3) ]
Cycle of length 1 : [ (2,8) ]
Cycle of length 1 : [ (3,7) ]
Cycle of length 2 : [ (4,1) (6,6) ]

Rule: 22185 ; ANF: f(x1,x2,x3,x4) = 1 + x1 + x2 + x3 + x2x3 + x4 ; Rule: 22950 ; ANF: f(x1,x2,x3,x4) = 1 + x1 + x2 + x3 + x2x3 + x4
Cycle of length 51 : [ (1,1) (8,1) (4,6) (7,4) (6,6) (1,5) (4,5) (2,7) (5,8) (4,4) (1,2) (1,6) (5,2) (6,2) (5,1) (1,7) (6,7) (4,2) (3,8) (6,5) (6,4) (7,7) (1,3) (2,3) (1,4) (3,4) (2,1) (7,2) (8,4) (5,5) (5,3) (7,5) (7,1) (3,5) (1,8) (7,8) (2,2) (2,5) (3,6) (8,3) (6,8) (3,3) (3,2) (4,7) (8,5) (8,2) (7,3) (5,7) (3,1) (5,4) (8,8) ]
Cycle of length 13 : [ (2,4) (4,3) (4,1) (6,3) (8,6) (3,7) (7,6) (4,8) (5,6) (2,6) (6,1) (2,8) (8,7) ]

Rule: 27285 ; ANF: f(x1,x2,x3,x4) = 1 + x1 + x2x3 + x4 ; Rule: 22950 ; ANF: f(x1,x2,x3,x4) = 1 + x1 + x2x3 + x4
Cycle of length 24 : [ (1,1) (8,1) (2,6) (4,1) (5,3) (2,5) (3,6) (1,3) (6,3) (1,6) (3,2) (5,7) (6,1) (3,8) (7,5) (5,1) (4,7) (3,5) (2,8) (6,7) (5,2) (1,2) (7,6) (8,8) ]
Cycle of length 1 : [ (1,4) ]
Cycle of length 33 : [ (1,5) (4,5) (1,7) (2,7) (1,8) (5,8) (3,4) (3,1) (6,4) (8,7) (8,4) (5,5) (8,3) (4,8) (8,6) (7,7) (7,3) (3,7) (4,6) (2,4) (2,3) (5,4) (7,8) (2,2) (8,5) (6,2) (2,1) (7,2) (4,4) (4,2) (6,8) (4,3) (7,1) ]
Cycle of length 2 : [ (3,3) (8,2) ]
Cycle of length 1 : [ (5,6) ]
Cycle of length 3 : [ (6,5) (7,4) (6,6) ]

Rule: 38250 ; ANF: f(x1,x2,x3,x4) = x1 + x2x3 + x4 ; Rule: 22950 ; ANF: f(x1,x2,x3,x4) = x1 + x2x3 + x4
Cycle of length 1 : [ (1,1) ]
Cycle of length 18 : [ (1,2) (2,6) (5,1) (5,7) (3,1) (3,4) (6,1) (6,8) (5,3) (7,5) (4,1) (4,3) (2,1) (2,2) (1,5) (5,5) (1,3) (3,3) ]
Cycle of length 4 : [ (1,4) (8,4) (4,5) (8,7) ]
Cycle of length 41 : [ (1,6) (6,2) (7,1) (8,5) (3,2) (4,7) (6,5) (2,4) (7,3) (6,7) (4,2) (3,8) (2,5) (6,6) (3,5) (7,8) (7,2) (5,4) (2,8) (3,7) (5,6) (4,6) (7,4) (3,6) (8,3) (5,8) (6,4) (1,7) (7,7) (2,3) (4,4) (5,2) (8,2) (6,3) (8,6) (2,7) (8,8) (8,1) (7,6) (1,8) (4,8) ]

Rule: 43350 ; ANF: f(x1,x2,x3,x4) = x1 + x2 + x3 + x2x3 + x4 ; Rule: 22950 ; ANF: f(x1,x2,x3,x4) = x1 + x2 + x3 + x2x3 + x4
Cycle of length 1 : [ (1,1) ]
Cycle of length 19 : [ (1,2) (8,6) (6,7) (5,2) (3,2) (5,7) (6,1) (7,8) (7,2) (1,4) (6,4) (2,7) (4,8) (4,6) (2,4) (5,3) (2,5) (6,6) (8,5) ]
Cycle of length 10 : [ (1,3) (7,3) (4,7) (1,5) (5,5) (4,3) (5,1) (8,7) (7,4) (3,6) ]
Cycle of length 4 : [ (1,6) (4,2) (6,8) (6,3) ]
Cycle of length 21 : [ (1,7) (3,7) (2,6) (3,1) (4,4) (8,2) (2,3) (8,4) (4,5) (7,7) (8,3) (3,8) (3,5) (8,8) (8,1) (5,6) (7,6) (5,8) (5,4) (1,8) (2,8) ]
Cycle of length 3 : [ (2,1) (2,2) (7,5) ]
Cycle of length 3 : [ (3,3) (6,2) (4,1) ]
Cycle of length 3 : [ (3,4) (7,1) (6,5) ]

Rule: 21930 ; ANF: f(x1,x2,x3,x4) = x1 + x4 ; Rule: 23205 ; ANF: f(x1,x2,x3,x4) = x1 + x4
Cycle of length 14 : [ (1,1) (1,8) (8,7) (2,4) (3,4) (2,1) (2,7) (8,5) (4,6) (7,4) (6,6) (1,5) (5,4) (8,8) ]
Cycle of length 7 : [ (1,2) (2,5) (6,3) (8,6) (3,7) (5,8) (4,4) ]
Cycle of length 14 : [ (1,3) (3,2) (4,7) (6,7) (4,2) (3,8) (6,5) (2,8) (7,8) (2,2) (1,6) (6,1) (6,4) (7,7) ]
Cycle of length 14 : [ (1,4) (4,3) (2,3) (4,1) (4,5) (8,1) (8,2) (7,3) (5,7) (3,1) (3,6) (8,3) (6,8) (3,3) ]
Cycle of length 14 : [ (1,7) (7,6) (4,8) (5,6) (2,6) (5,2) (6,2) (5,1) (5,3) (7,5) (3,5) (7,2) (8,4) (5,5) ]
Cycle of length 1 : [ (7,1) ]

Rule: 26265 ; ANF: f(x1,x2,x3,x4) = 1 + x1 + x2 + x4 ; Rule: 23205 ; ANF: f(x1,x2,x3,x4) = 1 + x1 + x2 + x4
Cycle of length 2 : [ (1,1) (8,8) ]
Cycle of length 2 : [ (1,2) (3,5) ]
Cycle of length 4 : [ (1,3) (6,2) (6,1) (1,4) ]
Cycle of length 4 : [ (1,5) (4,4) (3,2) (2,7) ]
Cycle of length 4 : [ (1,6) (7,1) (3,1) (5,6) ]
Cycle of length 4 : [ (1,7) (2,6) (8,2) (7,3) ]
Cycle of length 4 : [ (1,8) (5,7) (8,1) (4,2) ]
Cycle of length 4 : [ (2,1) (7,7) (5,3) (4,5) ]
Cycle of length 4 : [ (2,2) (4,6) (5,4) (7,8) ]
Cycle of length 2 : [ (2,3) (5,1) ]
Cycle of length 1 : [ (2,4) ]
Cycle of length 4 : [ (2,5) (3,3) (7,4) (6,6) ]
Cycle of length 4 : [ (2,8) (6,8) (4,3) (8,3) ]
Cycle of length 4 : [ (3,4) (4,1) (6,5) (5,8) ]
Cycle of length 2 : [ (3,6) (6,3) ]
Cycle of length 4 : [ (3,7) (3,8) (8,5) (8,6) ]
Cycle of length 1 : [ (4,7) ]
Cycle of length 2 : [ (4,8) (7,6) ]
Cycle of length 1 : [ (5,2) ]
Cycle of length 4 : [ (5,5) (6,7) (7,2) (8,4) ]
Cycle of length 2 : [ (6,4) (8,7) ]
Cycle of length 1 : [ (7,5) ]

Rule: 27030 ; ANF: f(x1,x2,x3,x4) = x1 + x2 + x3 + x4 ; Rule: 23205 ; ANF: f(x1,x2,x3,x4) = x1 + x2 + x3 + x4
Cycle of length 21 : [ (1,1) (1,8) (6,7) (5,2) (1,2) (8,5) (2,6) (3,2) (5,7) (6,1) (7,4) (6,6) (6,5) (3,8) (7,5) (1,5) (5,4) (7,8) (2,2) (7,6) (8,8) ]
Cycle of length 21 : [ (1,3) (7,2) (4,4) (4,2) (6,8) (4,3) (5,3) (2,5) (6,3) (1,6) (4,1) (3,5) (8,2) (3,3) (6,4) (8,7) (8,4) (5,5) (4,7) (1,7) (3,6) ]
Cycle of length 21 : [ (1,4) (2,3) (8,1) (6,2) (2,1) (2,7) (4,5) (7,1) (5,1) (8,3) (4,8) (8,6) (7,7) (7,3) (3,7) (2,8) (5,8) (3,4) (3,1) (4,6) (2,4) ]
Cycle of length 1 : [ (5,6) ]

Rule: 38505 ; ANF: f(x1,x2,x3,x4) = 1 + x1 + x2 + x3 + x4 ; Rule: 23205 ; ANF: f(x1,x2,x3,x4) = 1 + x1 + x2 + x3 + x4
Cycle of length 21 : [ (1,1) (8,8) (8,1) (3,2) (4,7) (8,7) (1,4) (7,3) (6,7) (4,2) (3,8) (2,5) (3,3) (3,4) (6,1) (2,4) (8,4) (4,5) (2,1) (7,7) (2,3) ]
Cycle of length 21 : [ (1,2) (1,5) (4,4) (5,2) (8,2) (6,3) (8,6) (2,7) (5,5) (5,7) (3,1) (5,6) (4,6) (7,4) (3,6) (8,3) (5,8) (6,4) (1,7) (6,6) (3,5) ]
Cycle of length 21 : [ (1,3) (2,2) (2,6) (6,2) (7,1) (4,1) (6,5) (6,8) (5,3) (7,5) (8,5) (7,6) (1,8) (3,7) (7,8) (7,2) (5,4) (2,8) (4,8) (1,6) (5,1) ]
Cycle of length 1 : [ (4,3) ]

Rule: 39270 ; ANF: f(x1,x2,x3,x4) = x1 + x2 + x4 ; Rule: 23205 ; ANF: f(x1,x2,x3,x4) = x1 + x2 + x4
Cycle of length 4 : [ (1,1) (1,8) (4,7) (5,7) ]
Cycle of length 4 : [ (1,2) (6,5) (4,8) (2,6) ]
Cycle of length 4 : [ (1,3) (3,2) (7,7) (4,3) ]
Cycle of length 4 : [ (1,4) (8,3) (7,8) (7,2) ]
Cycle of length 4 : [ (1,5) (5,4) (2,8) (3,8) ]
Cycle of length 4 : [ (1,6) (2,1) (2,7) (8,5) ]
Cycle of length 4 : [ (1,7) (7,6) (5,8) (6,4) ]
Cycle of length 4 : [ (2,2) (5,6) (8,6) (6,7) ]
Cycle of length 4 : [ (2,3) (4,1) (3,5) (8,2) ]
Cycle of length 4 : [ (2,4) (7,4) (3,6) (3,3) ]
Cycle of length 4 : [ (2,5) (6,3) (6,6) (7,5) ]
Cycle of length 4 : [ (3,1) (4,6) (4,4) (6,2) ]
Cycle of length 4 : [ (3,4) (5,1) (7,3) (8,7) ]
Cycle of length 4 : [ (3,7) (6,8) (5,3) (5,5) ]
Cycle of length 4 : [ (4,2) (8,8) (8,1) (5,2) ]
Cycle of length 4 : [ (4,5) (7,1) (6,1) (8,4) ]

Rule: 43605 ; ANF: f(x1,x2,x3,x4) = 1 + x1 + x4 ; Rule: 23205 ; ANF: f(x1,x2,x3,x4) = 1 + x1 + x4
Cycle of length 14 : [ (1,1) (8,8) (8,1) (1,2) (7,5) (6,5) (7,8) (7,2) (1,4) (5,3) (2,5) (3,3) (8,4) (4,5) ]
Cycle of length 7 : [ (1,3) (6,2) (4,1) (5,5) (8,7) (7,4) (3,6) ]
Cycle of length 14 : [ (1,5) (4,4) (8,2) (2,3) (5,1) (4,3) (7,3) (4,7) (3,7) (4,8) (4,6) (2,4) (6,4) (2,7) ]
Cycle of length 14 : [ (1,6) (3,1) (6,6) (8,5) (5,6) (7,6) (5,8) (5,4) (1,8) (1,7) (2,6) (4,2) (6,8) (6,3) ]
Cycle of length 14 : [ (2,1) (7,7) (8,3) (3,8) (3,5) (2,2) (8,6) (6,7) (5,2) (3,2) (5,7) (6,1) (3,4) (7,1) ]
Cycle of length 1 : [ (2,8) ]

Rule: 22185 ; ANF: f(x1,x2,x3,x4) = 1 + x1 + x2 + x3 + x2x3 + x4 ; Rule: 26010 ; ANF: f(x1,x2,x3,x4) = 1 + x1 + x2 + x3 + x2x3 + x4
Cycle of length 47 : [ (1,1) (8,1) (4,8) (5,7) (3,8) (6,8) (3,4) (2,4) (4,1) (6,4) (7,8) (2,2) (2,3) (1,8) (7,6) (4,4) (1,3) (2,7) (5,4) (8,7) (2,6) (6,7) (4,7) (8,2) (7,7) (1,5) (4,5) (2,8) (8,5) (8,4) (5,5) (5,2) (6,5) (6,1) (2,5) (3,6) (8,6) (3,3) (3,5) (1,7) (6,3) (8,3) (6,2) (5,6) (2,1) (7,2) (8,8) ]
Cycle of length 8 : [ (1,2) (1,4) (3,2) (4,2) (3,1) (5,3) (7,4) (6,6) ]
Cycle of length 7 : [ (1,6) (5,8) (4,3) (4,6) (7,5) (7,3) (5,1) ]
Cycle of length 2 : [ (3,7) (7,1) ]

Rule: 27285 ; ANF: f(x1,x2,x3,x4) = 1 + x1 + x2x3 + x4 ; Rule: 26010 ; ANF: f(x1,x2,x3,x4) = 1 + x1 + x2x3 + x4
Cycle of length 12 : [ (1,1) (8,1) (2,8) (6,5) (7,1) (1,7) (2,3) (5,8) (3,3) (8,5) (6,4) (8,8) ]
Cycle of length 26 : [ (1,2) (7,4) (6,6) (6,2) (2,6) (4,7) (3,2) (5,2) (1,5) (4,5) (1,8) (5,6) (5,1) (4,6) (2,5) (3,6) (1,6) (3,8) (7,8) (2,2) (8,3) (4,2) (6,1) (3,5) (2,7) (1,4) ]
Cycle of length 25 : [ (1,3) (6,7) (5,7) (6,8) (4,4) (4,3) (7,6) (8,4) (5,5) (8,2) (3,7) (4,1) (5,4) (7,7) (7,5) (5,3) (2,4) (2,1) (7,2) (4,8) (8,7) (8,6) (7,3) (3,1) (6,3) ]
Cycle of length 1 : [ (3,4) ]

Rule: 38250 ; ANF: f(x1,x2,x3,x4) = x1 + x2x3 + x4 ; Rule: 26010 ; ANF: f(x1,x2,x3,x4) = x1 + x2x3 + x4
Cycle of length 1 : [ (1,1) ]
Cycle of length 39 : [ (1,2) (2,4) (7,1) (8,7) (1,6) (6,8) (5,4) (2,7) (8,4) (4,5) (8,8) (8,1) (7,8) (7,2) (5,8) (6,3) (8,3) (5,2) (8,5) (3,4) (6,4) (1,8) (4,6) (7,5) (4,3) (2,6) (5,7) (3,8) (2,8) (3,5) (7,7) (2,5) (6,6) (3,2) (4,2) (3,1) (3,3) (1,5) (5,5) ]
Cycle of length 18 : [ (1,3) (3,7) (5,1) (5,6) (4,1) (4,4) (5,3) (7,4) (3,6) (8,6) (2,3) (4,8) (1,7) (7,3) (6,1) (6,5) (2,1) (2,2) ]
Cycle of length 6 : [ (1,4) (8,2) (6,7) (4,7) (6,2) (7,6) ]

Rule: 43350 ; ANF: f(x1,x2,x3,x4) = x1 + x2 + x3 + x2x3 + x4 ; Rule: 26010 ; ANF: f(x1,x2,x3,x4) = x1 + x2 + x3 + x2x3 + x4
Cycle of length 1 : [ (1,1) ]
Cycle of length 18 : [ (1,2) (8,4) (4,5) (7,8) (7,2) (1,8) (2,6) (3,7) (2,1) (2,2) (7,3) (4,1) (3,4) (7,4) (3,6) (1,6) (4,8) (4,7) ]
Cycle of length 44 : [ (1,3) (7,7) (8,5) (1,4) (6,2) (4,6) (2,5) (6,6) (8,2) (2,7) (4,4) (8,3) (3,2) (5,2) (3,5) (8,7) (7,6) (5,4) (1,7) (3,3) (6,5) (3,1) (4,3) (5,6) (7,1) (6,7) (5,7) (6,8) (6,4) (2,8) (1,5) (5,5) (4,2) (6,1) (7,5) (2,3) (8,8) (8,1) (5,8) (5,3) (2,4) (5,1) (8,6) (6,3) ]
Cycle of length 1 : [ (3,8) ]

Rule: 21930 ; ANF: f(x1,x2,x3,x4) = x1 + x4 ; Rule: 26265 ; ANF: f(x1,x2,x3,x4) = x1 + x4
Cycle of length 63 : [ (1,1) (1,8) (8,5) (4,8) (5,7) (3,8) (6,8) (3,4) (2,4) (3,2) (4,2) (3,1) (3,5) (7,1) (7,3) (5,1) (5,2) (6,5) (2,5) (6,3) (8,3) (6,2) (5,6) (2,1) (2,7) (8,1) (8,4) (5,5) (1,6) (6,7) (4,7) (6,4) (7,8) (2,2) (1,4) (4,1) (4,6) (7,5) (3,7) (5,3) (7,4) (6,6) (1,2) (2,3) (4,5) (8,2) (7,7) (1,5) (5,4) (8,7) (2,6) (5,8) (4,3) (2,8) (7,6) (4,4) (1,3) (3,6) (8,6) (3,3) (1,7) (7,2) (8,8) ]
Cycle of length 1 : [ (6,1) ]

Rule: 23205 ; ANF: f(x1,x2,x3,x4) = 1 + x1 + x3 + x4 ; Rule: 26265 ; ANF: f(x1,x2,x3,x4) = 1 + x1 + x3 + x4
Cycle of length 2 : [ (1,1) (8,8) ]
Cycle of length 6 : [ (1,2) (5,3) (5,4) (8,7) (4,6) (4,5) ]
Cycle of length 6 : [ (1,3) (2,6) (2,8) (8,6) (7,3) (7,1) ]
Cycle of length 6 : [ (1,4) (3,1) (6,5) (8,5) (6,8) (3,4) ]
Cycle of length 3 : [ (1,5) (4,4) (2,3) ]
Cycle of length 3 : [ (1,6) (1,7) (6,2) ]
Cycle of length 3 : [ (1,8) (7,5) (5,7) ]
Cycle of length 3 : [ (2,1) (7,7) (3,5) ]
Cycle of length 3 : [ (2,2) (6,4) (7,8) ]
Cycle of length 3 : [ (2,4) (4,2) (8,1) ]
Cycle of length 6 : [ (2,5) (3,3) (4,7) (7,4) (6,6) (5,2) ]
Cycle of length 6 : [ (2,7) (5,1) (3,2) (7,2) (4,8) (6,7) ]
Cycle of length 1 : [ (3,6) ]
Cycle of length 3 : [ (3,7) (8,3) (8,2) ]
Cycle of length 3 : [ (3,8) (5,8) (4,3) ]
Cycle of length 3 : [ (4,1) (5,6) (6,1) ]
Cycle of length 3 : [ (5,5) (7,6) (8,4) ]
Cycle of length 1 : [ (6,3) ]

Rule: 27030 ; ANF: f(x1,x2,x3,x4) = x1 + x2 + x3 + x4 ; Rule: 26265 ; ANF: f(x1,x2,x3,x4) = x1 + x2 + x3 + x4
Cycle of length 7 : [ (1,1) (1,8) (6,5) (3,5) (8,1) (6,4) (8,8) ]
Cycle of length 7 : [ (1,2) (8,3) (4,2) (6,1) (7,1) (5,3) (2,4) ]
Cycle of length 7 : [ (1,3) (7,6) (8,4) (5,5) (4,6) (2,5) (6,3) ]
Cycle of length 7 : [ (1,4) (2,1) (2,7) (4,1) (3,6) (1,6) (4,7) ]
Cycle of length 7 : [ (1,5) (5,4) (7,7) (7,5) (1,7) (3,2) (5,2) ]
Cycle of length 7 : [ (2,2) (7,4) (6,6) (6,2) (2,6) (3,8) (7,8) ]
Cycle of length 7 : [ (2,3) (8,5) (2,8) (5,6) (5,1) (8,2) (3,7) ]
Cycle of length 7 : [ (3,1) (4,5) (7,2) (4,8) (8,7) (8,6) (7,3) ]
Cycle of length 7 : [ (3,3) (6,7) (5,7) (6,8) (4,4) (4,3) (5,8) ]
Cycle of length 1 : [ (3,4) ]

Rule: 38505 ; ANF: f(x1,x2,x3,x4) = 1 + x1 + x2 + x3 + x4 ; Rule: 26265 ; ANF: f(x1,x2,x3,x4) = 1 + x1 + x2 + x3 + x4
Cycle of length 7 : [ (1,1) (8,8) (8,1) (3,4) (6,4) (1,8) (3,5) ]
Cycle of length 7 : [ (1,2) (1,3) (2,6) (6,8) (5,4) (2,7) (5,1) ]
Cycle of length 7 : [ (1,4) (7,1) (4,3) (4,8) (1,7) (6,2) (7,6) ]
Cycle of length 7 : [ (1,5) (4,4) (5,3) (7,4) (3,6) (8,6) (2,3) ]
Cycle of length 7 : [ (1,6) (5,7) (3,8) (2,8) (4,6) (7,5) (8,7) ]
Cycle of length 7 : [ (2,1) (7,7) (2,5) (3,3) (3,7) (7,3) (6,1) ]
Cycle of length 7 : [ (2,2) (2,4) (8,2) (6,7) (4,7) (8,4) (4,5) ]
Cycle of length 7 : [ (3,1) (5,5) (5,6) (4,1) (6,6) (3,2) (4,2) ]
Cycle of length 7 : [ (5,2) (8,5) (7,8) (7,2) (5,8) (6,3) (8,3) ]
Cycle of length 1 : [ (6,5) ]

Rule: 42330 ; ANF: f(x1,x2,x3,x4) = x1 + x3 + x4 ; Rule: 26265 ; ANF: f(x1,x2,x3,x4) = x1 + x3 + x4
Cycle of length 12 : [ (1,1) (1,8) (2,5) (6,3) (3,3) (5,7) (8,8) (8,1) (7,4) (3,6) (6,6) (4,2) ]
Cycle of length 12 : [ (1,2) (4,3) (6,8) (6,4) (2,8) (1,6) (8,7) (5,6) (3,1) (3,5) (7,1) (8,3) ]
Cycle of length 12 : [ (1,3) (7,6) (1,4) (6,1) (5,1) (6,2) (8,6) (2,3) (8,5) (3,8) (4,8) (3,7) ]
Cycle of length 12 : [ (1,5) (5,4) (1,7) (3,2) (2,2) (3,4) (8,4) (4,5) (8,2) (6,7) (7,7) (6,5) ]
Cycle of length 12 : [ (2,1) (2,7) (4,1) (4,6) (5,5) (2,6) (7,8) (7,2) (5,8) (5,3) (4,4) (7,3) ]
Cycle of length 4 : [ (2,4) (5,2) (7,5) (4,7) ]

Rule: 43605 ; ANF: f(x1,x2,x3,x4) = 1 + x1 + x4 ; Rule: 26265 ; ANF: f(x1,x2,x3,x4) = 1 + x1 + x4
Cycle of length 63 : [ (1,1) (8,8) (8,1) (1,4) (5,1) (4,2) (6,1) (3,1) (6,5) (7,5) (6,7) (5,7) (6,8) (6,4) (2,8) (2,6) (4,8) (4,7) (3,4) (7,4) (3,6) (1,6) (3,7) (4,3) (7,8) (7,2) (1,8) (1,5) (4,4) (8,3) (3,2) (5,2) (3,5) (2,1) (7,7) (8,5) (5,8) (5,3) (2,4) (6,2) (4,6) (2,5) (3,3) (8,7) (7,6) (5,4) (1,7) (2,2) (8,4) (4,5) (1,2) (7,3) (4,1) (5,6) (7,1) (2,3) (5,5) (8,6) (6,3) (1,3) (6,6) (8,2) (2,7) ]
Cycle of length 1 : [ (3,8) ]

Rule: 23205 ; ANF: f(x1,x2,x3,x4) = 1 + x1 + x3 + x4 ; Rule: 27030 ; ANF: f(x1,x2,x3,x4) = 1 + x1 + x3 + x4
Cycle of length 7 : [ (1,1) (8,1) (2,6) (2,3) (1,8) (7,6) (8,8) ]
Cycle of length 7 : [ (1,2) (5,8) (4,3) (3,5) (2,8) (8,5) (6,2) ]
Cycle of length 7 : [ (1,3) (2,7) (5,4) (8,7) (4,8) (6,8) (3,4) ]
Cycle of length 7 : [ (1,4) (3,2) (7,5) (5,1) (3,8) (5,7) (1,6) ]
Cycle of length 7 : [ (1,5) (4,5) (1,7) (6,3) (6,1) (4,7) (7,1) ]
Cycle of length 7 : [ (2,1) (7,2) (4,4) (2,4) (4,1) (5,3) (5,2) ]
Cycle of length 7 : [ (2,2) (6,7) (2,5) (3,6) (3,1) (6,4) (7,8) ]
Cycle of length 7 : [ (3,3) (4,6) (4,2) (8,6) (7,7) (3,7) (8,2) ]
Cycle of length 7 : [ (5,5) (7,4) (6,6) (5,6) (6,5) (8,3) (8,4) ]
Cycle of length 1 : [ (7,3) ]

Rule: 26265 ; ANF: f(x1,x2,x3,x4) = 1 + x1 + x2 + x4 ; Rule: 27030 ; ANF: f(x1,x2,x3,x4) = 1 + x1 + x2 + x4
Cycle of length 21 : [ (1,1) (8,1) (4,6) (5,2) (5,1) (2,8) (6,5) (5,3) (4,2) (1,6) (7,4) (6,6) (2,6) (8,3) (2,4) (2,1) (7,2) (8,4) (5,5) (6,4) (8,8) ]
Cycle of length 21 : [ (1,2) (3,8) (8,7) (6,8) (4,4) (3,4) (4,3) (8,5) (8,2) (7,3) (1,3) (6,7) (7,5) (7,1) (3,5) (1,8) (5,6) (1,5) (4,5) (2,7) (1,4) ]
Cycle of length 21 : [ (1,7) (2,3) (5,8) (3,3) (7,6) (4,8) (7,8) (2,2) (4,7) (4,1) (6,3) (3,1) (5,4) (7,7) (5,7) (8,6) (3,7) (3,2) (2,5) (3,6) (6,1) ]
Cycle of length 1 : [ (6,2) ]

Rule: 39270 ; ANF: f(x1,x2,x3,x4) = x1 + x2 + x4 ; Rule: 27030 ; ANF: f(x1,x2,x3,x4) = x1 + x2 + x4
Cycle of length 1 : [ (1,1) ]
Cycle of length 21 : [ (1,2) (6,8) (5,4) (2,7) (8,4) (4,5) (7,7) (4,7) (5,1) (7,8) (7,2) (1,4) (8,2) (2,3) (4,8) (2,8) (3,5) (8,8) (8,1) (5,6) (8,5) ]
Cycle of length 21 : [ (1,3) (3,7) (6,2) (3,2) (7,5) (2,1) (2,2) (5,7) (1,6) (2,4) (7,1) (6,5) (4,3) (1,5) (5,5) (3,4) (5,3) (5,2) (4,1) (3,3) (2,6) ]
Cycle of length 21 : [ (1,7) (7,3) (8,3) (7,4) (3,6) (3,1) (4,4) (6,4) (1,8) (4,6) (4,2) (8,6) (6,7) (2,5) (6,6) (7,6) (5,8) (6,3) (6,1) (8,7) (3,8) ]

Rule: 42330 ; ANF: f(x1,x2,x3,x4) = x1 + x3 + x4 ; Rule: 27030 ; ANF: f(x1,x2,x3,x4) = x1 + x3 + x4
Cycle of length 1 : [ (1,1) ]
Cycle of length 7 : [ (1,2) (4,8) (3,8) (4,7) (2,1) (2,2) (3,7) ]
Cycle of length 7 : [ (1,3) (7,7) (6,7) (7,5) (4,1) (4,3) (6,5) ]
Cycle of length 7 : [ (1,4) (6,2) (8,2) (6,3) (3,1) (3,4) (8,3) ]
Cycle of length 7 : [ (1,5) (5,5) (2,4) (5,1) (6,8) (6,4) (2,8) ]
Cycle of length 7 : [ (1,6) (8,4) (4,5) (8,7) (5,8) (5,3) (4,2) ]
Cycle of length 7 : [ (1,7) (3,3) (5,6) (3,5) (7,8) (7,2) (5,4) ]
Cycle of length 7 : [ (1,8) (2,6) (7,3) (2,3) (8,8) (8,1) (7,6) ]
Cycle of length 7 : [ (2,5) (6,6) (4,6) (5,2) (7,1) (8,5) (3,2) ]
Cycle of length 7 : [ (2,7) (4,4) (7,4) (3,6) (6,1) (5,7) (8,6) ]

Rule: 22950 ; ANF: f(x1,x2,x3,x4) = x1 + x2 + x2x3 + x4 ; Rule: 27285 ; ANF: f(x1,x2,x3,x4) = x1 + x2 + x2x3 + x4
Cycle of length 12 : [ (1,1) (1,8) (8,5) (2,6) (1,4) (4,1) (3,5) (8,2) (3,3) (2,8) (7,6) (8,8) ]
Cycle of length 26 : [ (1,2) (6,7) (2,5) (6,3) (6,1) (8,3) (8,4) (5,5) (3,8) (5,7) (1,6) (2,3) (4,5) (7,1) (5,1) (7,4) (6,6) (5,6) (6,5) (4,7) (5,3) (5,2) (2,1) (2,7) (8,1) (6,2) ]
Cycle of length 25 : [ (1,3) (3,6) (3,1) (4,6) (4,2) (8,6) (7,7) (3,7) (6,4) (7,8) (2,2) (5,8) (4,3) (1,7) (7,2) (4,4) (2,4) (3,2) (7,5) (1,5) (5,4) (8,7) (4,8) (6,8) (3,4) ]
Cycle of length 1 : [ (7,3) ]

Rule: 26010 ; ANF: f(x1,x2,x3,x4) = x1 + x3 + x2x3 + x4 ; Rule: 27285 ; ANF: f(x1,x2,x3,x4) = x1 + x3 + x2x3 + x4
Cycle of length 24 : [ (1,1) (1,8) (6,5) (1,7) (3,2) (2,5) (6,3) (3,1) (3,6) (6,1) (5,3) (4,2) (1,6) (8,3) (2,4) (1,2) (4,7) (2,3) (8,5) (4,6) (5,2) (5,1) (6,4) (8,8) ]
Cycle of length 33 : [ (1,3) (7,6) (4,8) (7,8) (2,2) (3,8) (8,7) (6,8) (4,4) (3,4) (4,3) (6,7) (7,5) (3,5) (7,2) (8,4) (5,5) (2,8) (5,6) (1,5) (5,4) (7,7) (5,7) (8,6) (3,7) (1,4) (2,1) (2,7) (4,1) (4,5) (8,1) (8,2) (7,3) ]
Cycle of length 3 : [ (2,6) (7,4) (6,6) ]
Cycle of length 2 : [ (3,3) (5,8) ]
Cycle of length 1 : [ (6,2) ]
Cycle of length 1 : [ (7,1) ]

Rule: 39525 ; ANF: f(x1,x2,x3,x4) = 1 + x1 + x3 + x2x3 + x4 ; Rule: 27285 ; ANF: f(x1,x2,x3,x4) = 1 + x1 + x3 + x2x3 + x4
Cycle of length 47 : [ (1,1) (8,8) (8,1) (1,2) (5,7) (1,6) (1,3) (2,6) (2,4) (8,2) (2,3) (1,5) (4,4) (6,4) (1,8) (3,5) (2,2) (6,8) (5,4) (2,7) (5,1) (3,4) (5,3) (5,2) (4,1) (5,5) (7,8) (7,2) (1,4) (7,1) (2,1) (7,7) (4,7) (7,3) (8,3) (7,4) (3,6) (3,1) (6,6) (7,6) (5,8) (6,3) (6,1) (4,3) (3,7) (8,4) (4,5) ]
Cycle of length 7 : [ (1,7) (6,2) (3,2) (7,5) (6,5) (8,7) (3,8) ]
Cycle of length 8 : [ (2,5) (3,3) (4,8) (2,8) (4,6) (4,2) (8,6) (6,7) ]
Cycle of length 2 : [ (5,6) (8,5) ]

Rule: 42585 ; ANF: f(x1,x2,x3,x4) = 1 + x1 + x2 + x2x3 + x4 ; Rule: 27285 ; ANF: f(x1,x2,x3,x4) = 1 + x1 + x2 + x2x3 + x4
Cycle of length 51 : [ (1,1) (8,8) (8,1) (3,2) (2,5) (3,3) (7,8) (7,2) (5,4) (1,7) (2,2) (4,8) (3,8) (4,7) (4,3) (8,7) (5,8) (5,3) (4,2) (1,6) (7,3) (2,3) (5,5) (6,8) (6,4) (2,8) (2,6) (8,4) (4,5) (2,1) (7,7) (6,7) (7,5) (8,5) (7,6) (1,8) (1,5) (4,4) (7,4) (3,6) (6,1) (1,3) (6,6) (4,6) (5,2) (7,1) (4,1) (6,5) (5,7) (8,6) (2,7) ]
Cycle of length 13 : [ (1,2) (3,7) (3,4) (8,3) (1,4) (5,1) (2,4) (6,2) (8,2) (6,3) (3,1) (5,6) (3,5) ]

Rule: 22950 ; ANF: f(x1,x2,x3,x4) = x1 + x2 + x2x3 + x4 ; Rule: 38250 ; ANF: f(x1,x2,x3,x4) = x1 + x2 + x2x3 + x4
Cycle of length 1 : [ (1,1) ]
Cycle of length 18 : [ (1,2) (6,2) (1,7) (7,7) (3,2) (7,4) (6,3) (6,8) (3,5) (8,7) (4,1) (3,4) (1,6) (2,6) (1,5) (5,5) (3,1) (4,3) ]
Cycle of length 39 : [ (1,3) (3,3) (2,1) (2,2) (5,1) (7,5) (1,4) (4,8) (6,1) (8,6) (7,2) (4,5) (7,8) (2,7) (8,8) (1,8) (8,4) (5,4) (8,2) (3,6) (3,8) (5,2) (2,8) (7,3) (7,6) (8,1) (6,7) (2,4) (3,7) (6,5) (4,2) (8,3) (8,5) (2,3) (4,4) (2,5) (6,6) (5,3) (5,7) ]
Cycle of length 6 : [ (4,6) (4,7) (5,6) (6,4) (7,1) (5,8) ]

Rule: 26010 ; ANF: f(x1,x2,x3,x4) = x1 + x3 + x2x3 + x4 ; Rule: 38250 ; ANF: f(x1,x2,x3,x4) = x1 + x3 + x2x3 + x4
Cycle of length 1 : [ (1,1) ]
Cycle of length 18 : [ (1,2) (4,2) (1,3) (7,3) (1,6) (8,6) (3,2) (2,4) (1,7) (3,7) (1,5) (5,5) (2,1) (2,2) (3,1) (3,3) (5,1) (6,5) ]
Cycle of length 41 : [ (1,4) (2,8) (5,3) (4,7) (2,6) (7,5) (3,4) (4,6) (5,7) (8,3) (2,5) (6,6) (2,3) (8,4) (5,4) (7,2) (8,5) (4,3) (6,2) (6,7) (7,4) (6,3) (3,8) (8,2) (7,6) (4,1) (4,4) (3,5) (7,7) (5,2) (5,8) (3,6) (6,8) (4,5) (8,8) (1,8) (6,4) (8,1) (8,7) (6,1) (5,6) ]
Cycle of length 4 : [ (2,7) (4,8) (7,1) (7,8) ]

Rule: 39525 ; ANF: f(x1,x2,x3,x4) = 1 + x1 + x3 + x2x3 + x4 ; Rule: 38250 ; ANF: f(x1,x2,x3,x4) = 1 + x1 + x3 + x2x3 + x4
Cycle of length 44 : [ (1,1) (8,1) (1,7) (6,7) (2,4) (8,7) (3,1) (6,3) (6,8) (5,5) (7,1) (2,8) (4,3) (3,2) (7,4) (3,3) (4,1) (5,4) (2,2) (6,1) (4,6) (4,7) (7,6) (5,1) (3,5) (2,7) (5,8) (6,6) (7,3) (8,6) (6,2) (3,7) (8,5) (5,3) (5,7) (1,3) (2,3) (1,4) (7,8) (7,7) (4,2) (8,3) (7,5) (6,4) ]
Cycle of length 18 : [ (1,2) (5,2) (4,8) (2,1) (7,2) (1,5) (4,5) (1,8) (3,4) (5,6) (8,4) (4,4) (6,5) (8,2) (2,6) (2,5) (3,6) (3,8) ]
Cycle of length 1 : [ (1,6) ]
Cycle of length 1 : [ (8,8) ]

Rule: 42585 ; ANF: f(x1,x2,x3,x4) = 1 + x1 + x2 + x2x3 + x4 ; Rule: 38250 ; ANF: f(x1,x2,x3,x4) = 1 + x1 + x2 + x2x3 + x4
Cycle of length 21 : [ (1,1) (8,1) (3,7) (3,5) (1,7) (2,7) (1,8) (1,4) (5,8) (5,6) (3,4) (8,6) (2,2) (4,1) (6,4) (2,1) (7,2) (5,5) (6,1) (1,6) (7,6) ]
Cycle of length 19 : [ (1,2) (3,2) (2,4) (6,7) (7,4) (3,3) (7,1) (4,8) (3,1) (5,3) (4,7) (4,6) (5,7) (8,3) (1,5) (4,5) (2,8) (2,3) (5,4) ]
Cycle of length 4 : [ (1,3) (6,3) (3,8) (4,2) ]
Cycle of length 10 : [ (2,5) (3,6) (6,8) (6,5) (5,2) (7,8) (7,7) (6,2) (8,7) (5,1) ]
Cycle of length 3 : [ (2,6) (8,5) (7,3) ]
Cycle of length 3 : [ (4,3) (8,2) (6,6) ]
Cycle of length 3 : [ (4,4) (7,5) (8,4) ]
Cycle of length 1 : [ (8,8) ]

Rule: 23205 ; ANF: f(x1,x2,x3,x4) = 1 + x1 + x3 + x4 ; Rule: 38505 ; ANF: f(x1,x2,x3,x4) = 1 + x1 + x3 + x4
Cycle of length 7 : [ (1,1) (8,8) (1,8) (7,3) (7,6) (8,1) (2,3) ]
Cycle of length 7 : [ (1,2) (5,1) (3,1) (6,5) (8,6) (7,2) (4,5) ]
Cycle of length 7 : [ (1,3) (2,2) (6,2) (1,7) (6,6) (5,3) (5,7) ]
Cycle of length 7 : [ (1,4) (3,7) (8,7) (4,1) (5,6) (6,4) (7,1) ]
Cycle of length 7 : [ (1,5) (4,4) (2,5) (3,3) (4,3) (3,4) (1,6) ]
Cycle of length 7 : [ (2,1) (7,7) (3,2) (7,4) (6,3) (6,8) (3,5) ]
Cycle of length 7 : [ (2,4) (4,8) (6,1) (4,2) (8,3) (8,5) (6,7) ]
Cycle of length 1 : [ (2,6) ]
Cycle of length 7 : [ (2,7) (5,5) (7,5) (5,8) (4,6) (4,7) (7,8) ]
Cycle of length 7 : [ (2,8) (8,4) (5,4) (8,2) (3,6) (3,8) (5,2) ]

Rule: 26265 ; ANF: f(x1,x2,x3,x4) = 1 + x1 + x2 + x4 ; Rule: 38505 ; ANF: f(x1,x2,x3,x4) = 1 + x1 + x2 + x4
Cycle of length 21 : [ (1,1) (8,8) (1,8) (5,3) (4,7) (4,8) (7,1) (3,4) (4,6) (5,7) (8,3) (2,5) (3,3) (7,3) (1,6) (7,5) (7,8) (2,7) (1,5) (4,4) (3,5) ]
Cycle of length 21 : [ (1,2) (3,1) (5,5) (6,5) (5,6) (1,4) (1,7) (2,6) (8,6) (3,2) (2,4) (2,8) (6,4) (8,1) (4,3) (8,4) (5,4) (7,2) (8,5) (8,7) (6,1) ]
Cycle of length 21 : [ (1,3) (6,2) (6,7) (7,4) (6,3) (3,8) (8,2) (7,6) (4,1) (6,6) (2,3) (5,1) (2,1) (7,7) (5,2) (5,8) (3,6) (6,8) (4,5) (2,2) (4,2) ]
Cycle of length 1 : [ (3,7) ]

Rule: 39270 ; ANF: f(x1,x2,x3,x4) = x1 + x2 + x4 ; Rule: 38505 ; ANF: f(x1,x2,x3,x4) = x1 + x2 + x4
Cycle of length 21 : [ (1,1) (1,8) (4,3) (1,4) (8,7) (3,1) (4,5) (7,2) (1,5) (5,4) (2,2) (5,2) (4,8) (2,1) (2,7) (8,5) (1,7) (7,6) (5,1) (7,1) (6,4) ]
Cycle of length 21 : [ (1,2) (6,1) (8,2) (2,6) (1,6) (2,5) (6,3) (6,8) (5,5) (3,5) (8,1) (5,3) (5,7) (1,3) (3,2) (7,4) (3,3) (2,3) (4,1) (3,6) (3,8) ]
Cycle of length 21 : [ (2,4) (7,8) (7,7) (4,2) (8,3) (7,5) (2,8) (3,4) (5,6) (8,4) (4,4) (6,5) (4,6) (4,7) (5,8) (6,6) (7,3) (8,6) (6,2) (3,7) (6,7) ]
Cycle of length 1 : [ (8,8) ]

Rule: 42330 ; ANF: f(x1,x2,x3,x4) = x1 + x3 + x4 ; Rule: 38505 ; ANF: f(x1,x2,x3,x4) = x1 + x3 + x4
Cycle of length 7 : [ (1,1) (1,8) (2,3) (8,1) (7,3) (2,6) (7,6) ]
Cycle of length 7 : [ (1,2) (4,1) (4,6) (5,7) (8,3) (1,5) (5,4) ]
Cycle of length 7 : [ (1,3) (7,2) (5,5) (2,5) (6,3) (3,8) (4,2) ]
Cycle of length 7 : [ (1,4) (6,7) (7,4) (3,3) (5,3) (4,7) (2,8) ]
Cycle of length 7 : [ (1,6) (8,5) (3,7) (1,7) (3,6) (6,8) (6,5) ]
Cycle of length 7 : [ (2,1) (2,7) (4,5) (8,2) (6,6) (4,3) (6,4) ]
Cycle of length 7 : [ (2,2) (3,2) (2,4) (5,8) (5,6) (3,4) (8,6) ]
Cycle of length 7 : [ (3,1) (3,5) (7,1) (8,4) (4,4) (7,5) (4,8) ]
Cycle of length 7 : [ (5,1) (6,1) (5,2) (7,8) (7,7) (6,2) (8,7) ]
Cycle of length 1 : [ (8,8) ]

Rule: 21930 ; ANF: f(x1,x2,x3,x4) = x1 + x4 ; Rule: 39270 ; ANF: f(x1,x2,x3,x4) = x1 + x4
Cycle of length 1 : [ (1,1) ]
Cycle of length 63 : [ (1,2) (2,6) (5,1) (5,7) (3,1) (3,4) (2,5) (6,6) (1,7) (7,7) (1,4) (4,8) (5,2) (6,4) (7,1) (7,6) (4,5) (8,7) (2,3) (4,4) (1,6) (6,2) (5,3) (7,5) (3,2) (4,7) (6,5) (2,4) (3,7) (5,6) (2,8) (7,3) (5,8) (4,6) (7,4) (6,3) (8,6) (3,6) (8,3) (6,7) (4,2) (3,8) (6,1) (6,8) (3,5) (7,8) (2,7) (8,8) (1,8) (8,4) (5,4) (8,2) (7,2) (8,1) (8,5) (4,1) (4,3) (2,1) (2,2) (1,5) (5,5) (1,3) (3,3) ]

Rule: 23205 ; ANF: f(x1,x2,x3,x4) = 1 + x1 + x3 + x4 ; Rule: 39270 ; ANF: f(x1,x2,x3,x4) = 1 + x1 + x3 + x4
Cycle of length 12 : [ (1,1) (8,1) (2,5) (3,6) (3,3) (4,2) (8,8) (1,8) (7,4) (6,3) (6,6) (5,7) ]
Cycle of length 12 : [ (1,2) (5,6) (6,8) (3,5) (2,8) (8,3) (8,7) (4,3) (3,1) (6,4) (7,1) (1,6) ]
Cycle of length 12 : [ (1,3) (2,3) (1,4) (3,8) (5,1) (3,7) (8,6) (7,6) (8,5) (6,1) (4,8) (6,2) ]
Cycle of length 12 : [ (1,5) (4,5) (1,7) (6,7) (2,2) (6,5) (8,4) (5,4) (8,2) (3,2) (7,7) (3,4) ]
Cycle of length 12 : [ (2,1) (7,2) (4,1) (5,3) (5,5) (7,3) (7,8) (2,7) (5,8) (4,6) (4,4) (2,6) ]
Cycle of length 4 : [ (2,4) (4,7) (7,5) (5,2) ]

Rule: 27030 ; ANF: f(x1,x2,x3,x4) = x1 + x2 + x3 + x4 ; Rule: 39270 ; ANF: f(x1,x2,x3,x4) = x1 + x2 + x3 + x4
Cycle of length 1 : [ (1,1) ]
Cycle of length 7 : [ (1,2) (8,6) (7,6) (8,5) (2,1) (2,2) (7,5) ]
Cycle of length 7 : [ (1,3) (7,3) (3,8) (7,1) (5,6) (5,8) (3,6) ]
Cycle of length 7 : [ (1,4) (2,8) (5,3) (2,5) (6,6) (6,7) (5,2) ]
Cycle of length 7 : [ (1,5) (5,5) (4,3) (5,1) (8,7) (8,3) (4,7) ]
Cycle of length 7 : [ (1,6) (4,2) (6,8) (4,5) (7,7) (7,4) (6,3) ]
Cycle of length 7 : [ (1,7) (3,7) (2,6) (3,1) (4,4) (4,6) (2,4) ]
Cycle of length 7 : [ (1,8) (6,4) (8,1) (6,5) (3,4) (3,5) (8,8) ]
Cycle of length 7 : [ (2,3) (8,4) (5,4) (7,2) (4,1) (3,3) (6,2) ]
Cycle of length 7 : [ (2,7) (4,8) (8,2) (3,2) (5,7) (6,1) (7,8) ]

Rule: 38505 ; ANF: f(x1,x2,x3,x4) = 1 + x1 + x2 + x3 + x4 ; Rule: 39270 ; ANF: f(x1,x2,x3,x4) = 1 + x1 + x2 + x3 + x4
Cycle of length 7 : [ (1,1) (8,1) (3,5) (1,8) (3,4) (6,5) (6,4) ]
Cycle of length 7 : [ (1,2) (1,6) (5,2) (8,4) (4,4) (5,6) (4,8) ]
Cycle of length 7 : [ (1,3) (2,3) (1,4) (7,8) (7,7) (2,4) (8,7) ]
Cycle of length 7 : [ (1,5) (4,5) (2,7) (5,8) (6,6) (3,7) (7,6) ]
Cycle of length 7 : [ (1,7) (6,7) (4,2) (3,8) (2,1) (7,2) (5,1) ]
Cycle of length 7 : [ (2,2) (2,5) (3,6) (8,3) (5,7) (3,1) (5,4) ]
Cycle of length 7 : [ (2,6) (6,1) (2,8) (4,3) (4,1) (6,3) (8,6) ]
Cycle of length 7 : [ (3,2) (4,7) (8,5) (7,1) (4,6) (7,4) (3,3) ]
Cycle of length 7 : [ (5,3) (7,5) (8,2) (6,2) (7,3) (6,8) (5,5) ]
Cycle of length 1 : [ (8,8) ]

Rule: 42330 ; ANF: f(x1,x2,x3,x4) = x1 + x3 + x4 ; Rule: 39270 ; ANF: f(x1,x2,x3,x4) = x1 + x3 + x4
Cycle of length 1 : [ (1,1) ]
Cycle of length 3 : [ (1,2) (4,6) (5,4) ]
Cycle of length 3 : [ (1,3) (7,3) (2,8) ]
Cycle of length 3 : [ (1,4) (6,8) (6,5) ]
Cycle of length 6 : [ (1,5) (5,5) (2,3) (8,4) (4,4) (7,6) ]
Cycle of length 6 : [ (1,6) (8,2) (6,2) (8,3) (1,7) (3,7) ]
Cycle of length 6 : [ (1,8) (2,4) (5,7) (8,1) (7,5) (4,2) ]
Cycle of length 6 : [ (2,1) (2,2) (3,5) (7,8) (7,7) (6,4) ]
Cycle of length 3 : [ (2,5) (6,6) (4,7) ]
Cycle of length 3 : [ (2,6) (7,1) (8,6) ]
Cycle of length 3 : [ (2,7) (4,8) (3,2) ]
Cycle of length 3 : [ (3,1) (3,4) (8,5) ]
Cycle of length 3 : [ (3,3) (5,2) (7,4) ]
Cycle of length 2 : [ (3,6) (6,3) ]
Cycle of length 6 : [ (3,8) (4,1) (4,3) (6,1) (5,8) (5,6) ]
Cycle of length 3 : [ (4,5) (8,7) (5,3) ]
Cycle of length 3 : [ (5,1) (6,7) (7,2) ]
Cycle of length 1 : [ (8,8) ]

Rule: 43605 ; ANF: f(x1,x2,x3,x4) = 1 + x1 + x4 ; Rule: 39270 ; ANF: f(x1,x2,x3,x4) = 1 + x1 + x4
Cycle of length 63 : [ (1,1) (8,1) (1,5) (4,5) (1,7) (2,7) (1,8) (1,4) (5,8) (5,6) (7,8) (7,7) (8,4) (4,4) (8,6) (6,6) (8,7) (7,3) (4,8) (4,2) (6,8) (6,5) (7,4) (3,3) (8,2) (2,2) (8,5) (5,1) (4,7) (3,5) (2,8) (2,3) (5,4) (1,2) (7,6) (5,5) (8,3) (3,7) (4,6) (2,4) (6,7) (5,2) (3,4) (7,5) (6,2) (4,3) (7,1) (2,6) (4,1) (5,3) (2,5) (3,6) (1,3) (6,3) (1,6) (3,2) (5,7) (6,1) (3,8) (3,1) (6,4) (2,1) (7,2) ]
Cycle of length 1 : [ (8,8) ]

Rule: 22185 ; ANF: f(x1,x2,x3,x4) = 1 + x1 + x2 + x3 + x2x3 + x4 ; Rule: 39525 ; ANF: f(x1,x2,x3,x4) = 1 + x1 + x2 + x3 + x2x3 + x4
Cycle of length 24 : [ (1,1) (8,8) (1,8) (7,3) (5,8) (4,6) (7,4) (6,3) (8,6) (3,6) (8,3) (6,7) (4,2) (3,8) (6,1) (2,4) (4,8) (5,2) (6,4) (7,1) (3,2) (4,7) (8,7) (2,3) ]
Cycle of length 33 : [ (1,2) (1,5) (4,4) (1,6) (5,1) (1,3) (2,2) (2,6) (6,2) (5,3) (7,5) (7,6) (4,5) (2,1) (7,7) (1,4) (3,7) (7,8) (2,7) (5,5) (5,7) (3,1) (5,6) (2,8) (8,4) (5,4) (8,2) (7,2) (8,1) (4,1) (6,5) (6,8) (3,5) ]
Cycle of length 2 : [ (1,7) (6,6) ]
Cycle of length 3 : [ (2,5) (3,3) (3,4) ]
Cycle of length 1 : [ (4,3) ]
Cycle of length 1 : [ (8,5) ]

Rule: 27285 ; ANF: f(x1,x2,x3,x4) = 1 + x1 + x2x3 + x4 ; Rule: 39525 ; ANF: f(x1,x2,x3,x4) = 1 + x1 + x2x3 + x4
Cycle of length 51 : [ (1,1) (8,8) (1,8) (5,3) (2,5) (3,3) (8,4) (5,4) (7,2) (4,1) (5,5) (8,7) (8,3) (4,7) (3,7) (4,8) (8,2) (3,2) (5,7) (6,1) (3,4) (3,5) (2,2) (8,6) (7,6) (8,5) (6,5) (7,8) (2,7) (1,5) (4,4) (4,6) (2,4) (2,8) (6,4) (8,1) (2,1) (7,7) (7,4) (6,3) (1,6) (3,1) (6,6) (6,7) (5,2) (1,4) (1,7) (2,6) (4,2) (6,8) (4,5) ]
Cycle of length 13 : [ (1,2) (7,5) (5,6) (5,8) (3,6) (1,3) (6,2) (2,3) (5,1) (4,3) (7,3) (3,8) (7,1) ]

Rule: 38250 ; ANF: f(x1,x2,x3,x4) = x1 + x2x3 + x4 ; Rule: 39525 ; ANF: f(x1,x2,x3,x4) = x1 + x2x3 + x4
Cycle of length 21 : [ (1,1) (1,8) (4,3) (2,3) (4,1) (4,5) (8,1) (7,1) (8,2) (6,2) (7,3) (6,8) (5,5) (1,7) (7,6) (1,5) (5,4) (2,2) (1,6) (6,1) (6,4) ]
Cycle of length 10 : [ (1,2) (2,5) (6,3) (8,6) (2,6) (5,2) (8,4) (4,4) (5,6) (4,8) ]
Cycle of length 19 : [ (1,3) (3,2) (4,7) (6,7) (4,2) (3,8) (2,1) (2,7) (8,5) (3,5) (7,2) (5,1) (5,3) (7,5) (4,6) (7,4) (3,3) (1,4) (8,7) ]
Cycle of length 3 : [ (2,4) (7,8) (7,7) ]
Cycle of length 3 : [ (2,8) (3,4) (6,5) ]
Cycle of length 4 : [ (3,1) (3,6) (8,3) (5,7) ]
Cycle of length 3 : [ (3,7) (5,8) (6,6) ]
Cycle of length 1 : [ (8,8) ]

Rule: 43350 ; ANF: f(x1,x2,x3,x4) = x1 + x2 + x3 + x2x3 + x4 ; Rule: 39525 ; ANF: f(x1,x2,x3,x4) = x1 + x2 + x3 + x2x3 + x4
Cycle of length 41 : [ (1,1) (1,8) (2,3) (8,1) (5,1) (8,3) (3,7) (2,8) (1,4) (6,7) (5,2) (3,4) (7,5) (2,6) (3,2) (5,7) (6,1) (7,4) (3,3) (6,4) (2,1) (2,7) (4,5) (7,1) (6,2) (4,3) (5,3) (2,5) (6,3) (1,6) (4,1) (3,5) (8,2) (2,2) (7,6) (5,5) (4,7) (1,7) (3,6) (1,3) (7,2) ]
Cycle of length 4 : [ (1,2) (8,5) (1,5) (5,4) ]
Cycle of length 18 : [ (2,4) (5,8) (5,6) (7,8) (7,7) (8,4) (4,4) (8,6) (6,6) (8,7) (7,3) (4,8) (4,2) (6,8) (6,5) (3,8) (3,1) (4,6) ]
Cycle of length 1 : [ (8,8) ]

Rule: 21930 ; ANF: f(x1,x2,x3,x4) = x1 + x4 ; Rule: 42330 ; ANF: f(x1,x2,x3,x4) = x1 + x4
Cycle of length 1 : [ (1,1) ]
Cycle of length 14 : [ (1,2) (2,4) (3,5) (7,7) (1,6) (6,8) (3,6) (8,6) (3,2) (4,2) (3,1) (3,3) (1,5) (5,5) ]
Cycle of length 14 : [ (1,3) (3,7) (5,1) (5,6) (2,3) (4,8) (5,3) (7,4) (6,3) (8,3) (6,1) (6,5) (2,1) (2,2) ]
Cycle of length 14 : [ (1,4) (4,6) (7,5) (3,4) (2,8) (7,1) (7,8) (2,7) (8,4) (5,4) (8,1) (8,7) (2,5) (6,6) ]
Cycle of length 14 : [ (1,7) (7,3) (5,2) (6,7) (4,7) (6,2) (5,8) (4,5) (8,8) (1,8) (8,2) (7,6) (4,1) (4,4) ]
Cycle of length 7 : [ (2,6) (5,7) (3,8) (6,4) (7,2) (8,5) (4,3) ]

Rule: 26265 ; ANF: f(x1,x2,x3,x4) = 1 + x1 + x2 + x4 ; Rule: 42330 ; ANF: f(x1,x2,x3,x4) = 1 + x1 + x2 + x4
Cycle of length 4 : [ (1,1) (8,1) (4,7) (4,2) ]
Cycle of length 4 : [ (1,2) (3,4) (4,8) (7,3) ]
Cycle of length 4 : [ (1,3) (6,7) (7,7) (5,6) ]
Cycle of length 4 : [ (1,4) (1,6) (7,8) (2,7) ]
Cycle of length 4 : [ (1,5) (4,5) (2,8) (6,1) ]
Cycle of length 4 : [ (1,7) (2,3) (5,8) (3,5) ]
Cycle of length 4 : [ (1,8) (5,2) (5,7) (8,8) ]
Cycle of length 4 : [ (2,1) (7,2) (8,5) (8,3) ]
Cycle of length 4 : [ (2,2) (4,3) (8,6) (3,2) ]
Cycle of length 4 : [ (2,4) (2,5) (3,6) (6,6) ]
Cycle of length 4 : [ (2,6) (8,7) (6,5) (5,1) ]
Cycle of length 4 : [ (3,1) (5,3) (4,4) (3,7) ]
Cycle of length 4 : [ (3,3) (7,5) (7,4) (6,3) ]
Cycle of length 4 : [ (3,8) (8,4) (5,4) (7,1) ]
Cycle of length 4 : [ (4,1) (6,4) (8,2) (7,6) ]
Cycle of length 4 : [ (4,6) (5,5) (6,2) (6,8) ]

Rule: 27030 ; ANF: f(x1,x2,x3,x4) = x1 + x2 + x3 + x4 ; Rule: 42330 ; ANF: f(x1,x2,x3,x4) = x1 + x2 + x3 + x4
Cycle of length 1 : [ (1,1) ]
Cycle of length 21 : [ (1,2) (8,4) (5,4) (7,1) (5,8) (3,5) (8,7) (8,5) (2,3) (8,8) (1,8) (6,2) (2,8) (5,1) (8,6) (7,2) (4,5) (7,8) (2,7) (4,4) (4,7) ]
Cycle of length 21 : [ (1,3) (7,7) (7,6) (8,1) (6,7) (5,7) (6,8) (4,6) (2,5) (6,6) (6,4) (8,2) (3,6) (1,6) (4,8) (8,3) (4,1) (3,4) (3,8) (7,4) (6,3) ]
Cycle of length 21 : [ (1,4) (2,6) (3,7) (2,1) (2,2) (7,3) (3,2) (5,2) (1,7) (3,3) (6,5) (3,1) (4,3) (5,6) (5,3) (2,4) (1,5) (5,5) (4,2) (6,1) (7,5) ]

Rule: 38505 ; ANF: f(x1,x2,x3,x4) = 1 + x1 + x2 + x3 + x4 ; Rule: 42330 ; ANF: f(x1,x2,x3,x4) = 1 + x1 + x2 + x3 + x4
Cycle of length 21 : [ (1,1) (8,1) (3,7) (7,1) (4,8) (1,3) (2,7) (5,4) (2,1) (7,2) (5,5) (5,2) (8,7) (1,5) (4,5) (2,8) (4,1) (6,4) (1,2) (1,4) (7,6) ]
Cycle of length 21 : [ (1,6) (5,8) (6,5) (6,1) (2,5) (3,6) (8,6) (2,2) (2,3) (1,8) (3,2) (4,2) (3,1) (5,3) (7,4) (3,3) (3,5) (1,7) (6,3) (8,3) (5,1) ]
Cycle of length 21 : [ (2,4) (8,5) (7,3) (6,2) (7,8) (7,7) (2,6) (6,7) (4,7) (8,2) (6,6) (3,4) (6,8) (5,6) (4,3) (4,6) (7,5) (8,4) (4,4) (5,7) (3,8) ]
Cycle of length 1 : [ (8,8) ]

Rule: 39270 ; ANF: f(x1,x2,x3,x4) = x1 + x2 + x4 ; Rule: 42330 ; ANF: f(x1,x2,x3,x4) = x1 + x2 + x4
Cycle of length 1 : [ (1,1) ]
Cycle of length 2 : [ (1,2) (6,4) ]
Cycle of length 4 : [ (1,3) (3,7) (6,1) (8,5) ]
Cycle of length 4 : [ (1,4) (8,6) (6,2) (3,8) ]
Cycle of length 4 : [ (1,5) (5,5) (3,2) (7,2) ]
Cycle of length 4 : [ (1,6) (2,8) (3,1) (4,3) ]
Cycle of length 4 : [ (1,7) (7,3) (8,2) (2,6) ]
Cycle of length 4 : [ (1,8) (4,2) (8,1) (5,7) ]
Cycle of length 4 : [ (2,1) (2,2) (5,3) (5,4) ]
Cycle of length 2 : [ (2,3) (4,8) ]
Cycle of length 2 : [ (2,4) (7,5) ]
Cycle of length 4 : [ (2,5) (6,6) (7,4) (3,3) ]
Cycle of length 4 : [ (2,7) (8,4) (4,4) (6,7) ]
Cycle of length 4 : [ (3,4) (5,8) (6,5) (4,1) ]
Cycle of length 2 : [ (3,5) (8,7) ]
Cycle of length 1 : [ (3,6) ]
Cycle of length 4 : [ (4,5) (7,8) (7,7) (4,6) ]
Cycle of length 2 : [ (4,7) (5,2) ]
Cycle of length 2 : [ (5,1) (7,6) ]
Cycle of length 4 : [ (5,6) (8,3) (7,1) (6,8) ]
Cycle of length 1 : [ (6,3) ]
Cycle of length 1 : [ (8,8) ]

Rule: 43605 ; ANF: f(x1,x2,x3,x4) = 1 + x1 + x4 ; Rule: 42330 ; ANF: f(x1,x2,x3,x4) = 1 + x1 + x4
Cycle of length 14 : [ (1,1) (8,1) (1,7) (2,3) (5,8) (5,5) (8,2) (2,6) (4,7) (3,2) (5,2) (3,7) (4,1) (5,4) ]
Cycle of length 14 : [ (1,2) (7,4) (3,3) (8,5) (5,3) (2,4) (6,5) (7,1) (2,8) (2,1) (7,2) (1,5) (4,5) (1,8) ]
Cycle of length 14 : [ (1,3) (6,7) (5,7) (6,8) (6,6) (8,4) (4,4) (8,7) (7,5) (6,4) (2,2) (8,3) (3,1) (6,3) ]
Cycle of length 7 : [ (1,4) (5,6) (7,3) (4,2) (6,1) (3,5) (2,7) ]
Cycle of length 14 : [ (1,6) (3,8) (3,4) (7,8) (7,7) (8,6) (6,2) (4,8) (4,3) (7,6) (5,1) (4,6) (2,5) (3,6) ]
Cycle of length 1 : [ (8,8) ]

Rule: 22185 ; ANF: f(x1,x2,x3,x4) = 1 + x1 + x2 + x3 + x2x3 + x4 ; Rule: 42585 ; ANF: f(x1,x2,x3,x4) = 1 + x1 + x2 + x3 + x2x3 + x4
Cycle of length 12 : [ (1,1) (8,8) (1,8) (7,1) (3,4) (2,8) (8,2) (7,6) (4,1) (6,6) (1,4) (3,5) ]
Cycle of length 25 : [ (1,2) (1,3) (2,6) (6,8) (3,6) (8,6) (3,2) (4,2) (3,1) (5,5) (5,6) (2,3) (1,5) (4,4) (1,7) (6,2) (5,8) (4,5) (2,2) (2,4) (4,6) (7,5) (7,8) (2,7) (5,1) ]
Cycle of length 26 : [ (1,6) (5,7) (3,8) (6,4) (7,2) (8,5) (8,7) (2,5) (3,3) (3,7) (7,3) (5,2) (6,7) (4,7) (8,4) (5,4) (8,1) (4,3) (4,8) (5,3) (7,4) (6,3) (8,3) (6,1) (2,1) (7,7) ]
Cycle of length 1 : [ (6,5) ]

Rule: 27285 ; ANF: f(x1,x2,x3,x4) = 1 + x1 + x2x3 + x4 ; Rule: 42585 ; ANF: f(x1,x2,x3,x4) = 1 + x1 + x2x3 + x4
Cycle of length 47 : [ (1,1) (8,8) (1,8) (5,1) (4,2) (6,1) (3,1) (6,5) (7,5) (5,8) (3,5) (2,1) (7,7) (7,6) (8,1) (2,3) (5,5) (8,6) (7,2) (4,5) (1,2) (7,3) (3,2) (5,2) (1,7) (2,2) (8,4) (5,4) (7,1) (1,4) (1,5) (4,4) (4,7) (3,4) (3,8) (7,4) (6,3) (1,3) (6,6) (6,4) (8,2) (3,6) (1,6) (3,7) (4,3) (7,8) (2,7) ]
Cycle of length 7 : [ (2,4) (2,6) (4,8) (8,3) (4,1) (5,6) (5,3) ]
Cycle of length 8 : [ (2,5) (3,3) (8,7) (8,5) (6,7) (5,7) (6,8) (4,6) ]
Cycle of length 2 : [ (2,8) (6,2) ]

Rule: 38250 ; ANF: f(x1,x2,x3,x4) = x1 + x2x3 + x4 ; Rule: 42585 ; ANF: f(x1,x2,x3,x4) = x1 + x2x3 + x4
Cycle of length 44 : [ (1,1) (1,8) (4,1) (4,6) (7,5) (4,8) (1,3) (3,6) (8,6) (2,2) (1,4) (8,5) (3,7) (5,3) (7,4) (3,3) (1,7) (7,2) (5,5) (1,6) (6,7) (4,7) (6,4) (1,2) (2,3) (4,5) (8,2) (6,6) (3,4) (6,8) (5,6) (4,3) (2,8) (3,2) (4,2) (3,1) (3,5) (7,1) (8,4) (4,4) (5,7) (3,8) (2,4) (7,6) ]
Cycle of length 18 : [ (1,5) (5,4) (2,1) (2,7) (8,1) (7,3) (6,2) (7,8) (7,7) (2,6) (5,8) (6,5) (2,5) (6,3) (8,3) (5,1) (5,2) (8,7) ]
Cycle of length 1 : [ (6,1) ]
Cycle of length 1 : [ (8,8) ]

Rule: 43350 ; ANF: f(x1,x2,x3,x4) = x1 + x2 + x3 + x2x3 + x4 ; Rule: 42585 ; ANF: f(x1,x2,x3,x4) = x1 + x2 + x3 + x2x3 + x4
Cycle of length 39 : [ (1,1) (1,8) (2,1) (2,7) (4,1) (3,6) (1,6) (4,7) (1,4) (6,5) (3,5) (8,1) (5,3) (2,4) (5,6) (7,3) (4,2) (6,1) (7,1) (6,4) (2,2) (7,4) (3,3) (6,7) (5,7) (6,8) (6,6) (8,4) (4,4) (8,7) (7,5) (2,8) (1,2) (8,3) (3,1) (4,5) (7,2) (1,5) (5,4) ]
Cycle of length 18 : [ (1,3) (7,6) (5,1) (8,2) (2,6) (3,8) (3,4) (7,8) (7,7) (8,6) (6,2) (4,8) (4,3) (5,8) (5,5) (4,6) (2,5) (6,3) ]
Cycle of length 6 : [ (1,7) (3,2) (5,2) (3,7) (2,3) (8,5) ]
Cycle of length 1 : [ (8,8) ]

Rule: 22950 ; ANF: f(x1,x2,x3,x4) = x1 + x2 + x2x3 + x4 ; Rule: 43350 ; ANF: f(x1,x2,x3,x4) = x1 + x2 + x2x3 + x4
Cycle of length 1 : [ (1,1) ]
Cycle of length 44 : [ (1,2) (6,8) (3,6) (3,1) (4,4) (2,8) (7,1) (5,6) (6,7) (2,5) (6,6) (5,8) (4,5) (7,7) (3,8) (5,3) (5,2) (2,3) (4,8) (6,4) (7,2) (4,1) (3,3) (2,6) (1,3) (3,7) (6,2) (1,4) (4,6) (4,2) (8,6) (7,6) (8,5) (2,1) (2,2) (5,7) (1,6) (2,4) (3,5) (8,8) (1,8) (8,2) (3,2) (7,5) ]
Cycle of length 18 : [ (1,5) (5,5) (3,4) (1,7) (7,3) (7,4) (6,3) (6,1) (8,7) (4,7) (5,1) (7,8) (2,7) (8,4) (5,4) (8,1) (6,5) (4,3) ]
Cycle of length 1 : [ (8,3) ]

Rule: 26010 ; ANF: f(x1,x2,x3,x4) = x1 + x3 + x2x3 + x4 ; Rule: 43350 ; ANF: f(x1,x2,x3,x4) = x1 + x3 + x2x3 + x4
Cycle of length 1 : [ (1,1) ]
Cycle of length 10 : [ (1,2) (4,8) (7,4) (6,3) (3,1) (3,4) (4,7) (2,1) (2,2) (3,7) ]
Cycle of length 21 : [ (1,3) (7,7) (5,8) (3,5) (7,8) (2,7) (4,4) (3,8) (8,3) (2,3) (8,8) (1,8) (6,2) (6,4) (8,2) (7,2) (8,1) (8,5) (4,1) (4,3) (6,5) ]
Cycle of length 3 : [ (1,4) (2,6) (7,3) ]
Cycle of length 3 : [ (1,5) (5,5) (2,4) ]
Cycle of length 19 : [ (1,6) (8,4) (5,4) (7,1) (7,6) (4,5) (8,7) (6,7) (7,5) (3,2) (2,5) (6,6) (2,8) (5,1) (6,8) (4,6) (5,2) (5,3) (4,2) ]
Cycle of length 3 : [ (1,7) (3,3) (5,6) ]
Cycle of length 4 : [ (3,6) (6,1) (5,7) (8,6) ]

Rule: 39525 ; ANF: f(x1,x2,x3,x4) = 1 + x1 + x3 + x2x3 + x4 ; Rule: 43350 ; ANF: f(x1,x2,x3,x4) = 1 + x1 + x3 + x2x3 + x4
Cycle of length 39 : [ (1,1) (8,1) (1,5) (4,5) (1,7) (6,3) (6,1) (4,7) (7,1) (2,6) (2,3) (1,8) (3,2) (7,5) (6,2) (3,4) (5,7) (1,6) (1,4) (7,6) (5,5) (7,4) (3,3) (4,6) (4,2) (8,6) (6,6) (7,8) (7,7) (4,8) (2,4) (8,5) (5,1) (3,8) (1,3) (2,7) (5,4) (2,1) (7,2) ]
Cycle of length 18 : [ (1,2) (5,8) (6,5) (8,3) (7,3) (8,4) (4,4) (6,8) (5,6) (8,7) (3,7) (8,2) (2,2) (6,7) (2,5) (3,6) (3,1) (6,4) ]
Cycle of length 6 : [ (2,8) (4,1) (5,3) (5,2) (4,3) (3,5) ]
Cycle of length 1 : [ (8,8) ]

Rule: 42585 ; ANF: f(x1,x2,x3,x4) = 1 + x1 + x2 + x2x3 + x4 ; Rule: 43350 ; ANF: f(x1,x2,x3,x4) = 1 + x1 + x2 + x2x3 + x4
Cycle of length 41 : [ (1,1) (8,1) (3,5) (1,8) (1,2) (3,8) (4,3) (8,5) (7,1) (4,6) (5,2) (7,3) (2,4) (6,5) (5,3) (4,2) (1,6) (7,4) (3,3) (7,6) (1,5) (4,5) (2,7) (1,4) (5,6) (3,7) (3,2) (2,5) (3,6) (6,1) (1,7) (2,3) (5,8) (5,5) (6,4) (2,2) (4,7) (4,1) (6,3) (3,1) (5,4) ]
Cycle of length 18 : [ (1,3) (6,7) (7,5) (8,2) (6,2) (8,4) (4,4) (7,8) (7,7) (6,8) (6,6) (4,8) (3,4) (8,7) (5,7) (8,6) (2,6) (8,3) ]
Cycle of length 4 : [ (2,1) (7,2) (5,1) (2,8) ]
Cycle of length 1 : [ (8,8) ]

Rule: 23205 ; ANF: f(x1,x2,x3,x4) = 1 + x1 + x3 + x4 ; Rule: 43605 ; ANF: f(x1,x2,x3,x4) = 1 + x1 + x3 + x4
Cycle of length 63 : [ (1,1) (8,8) (1,8) (7,1) (1,2) (5,7) (1,6) (1,3) (2,6) (2,4) (4,6) (4,2) (8,6) (7,6) (8,5) (6,5) (8,7) (4,7) (7,3) (7,4) (6,3) (6,1) (4,3) (3,7) (8,4) (5,4) (8,1) (2,1) (7,7) (3,8) (5,3) (5,2) (2,3) (1,5) (4,4) (2,8) (8,2) (3,2) (7,5) (5,6) (6,7) (2,5) (3,3) (4,8) (6,4) (7,2) (4,1) (5,5) (7,8) (2,7) (5,1) (3,4) (1,7) (6,2) (1,4) (3,5) (2,2) (6,8) (3,6) (3,1) (6,6) (5,8) (4,5) ]
Cycle of length 1 : [ (8,3) ]

Rule: 26265 ; ANF: f(x1,x2,x3,x4) = 1 + x1 + x2 + x4 ; Rule: 43605 ; ANF: f(x1,x2,x3,x4) = 1 + x1 + x2 + x4
Cycle of length 14 : [ (1,1) (8,8) (1,8) (5,1) (2,4) (2,6) (8,4) (5,4) (7,1) (3,2) (2,5) (3,3) (7,8) (2,7) ]
Cycle of length 14 : [ (1,2) (3,7) (3,4) (4,7) (4,3) (8,7) (6,7) (7,5) (7,6) (4,5) (2,1) (7,7) (5,8) (3,5) ]
Cycle of length 14 : [ (1,3) (6,6) (2,8) (6,2) (6,4) (8,2) (7,2) (8,1) (4,1) (6,5) (5,7) (8,6) (3,6) (6,1) ]
Cycle of length 14 : [ (1,4) (1,5) (4,4) (3,8) (8,3) (2,3) (5,5) (6,8) (4,6) (5,2) (5,3) (4,2) (1,6) (7,3) ]
Cycle of length 7 : [ (1,7) (2,2) (4,8) (7,4) (6,3) (3,1) (5,6) ]
Cycle of length 1 : [ (8,5) ]

Rule: 39270 ; ANF: f(x1,x2,x3,x4) = x1 + x2 + x4 ; Rule: 43605 ; ANF: f(x1,x2,x3,x4) = x1 + x2 + x4
Cycle of length 14 : [ (1,1) (1,8) (4,1) (3,5) (8,2) (2,2) (5,8) (6,5) (4,7) (5,3) (5,2) (4,3) (1,7) (7,2) ]
Cycle of length 14 : [ (1,2) (6,7) (2,5) (6,3) (6,1) (8,3) (7,3) (8,4) (4,4) (6,8) (5,6) (8,7) (3,7) (6,4) ]
Cycle of length 14 : [ (1,3) (3,6) (3,1) (4,6) (4,2) (8,6) (6,6) (7,8) (7,7) (4,8) (2,4) (7,6) (5,5) (3,8) ]
Cycle of length 14 : [ (1,4) (8,5) (1,5) (5,4) (2,1) (2,7) (8,1) (5,1) (7,4) (3,3) (2,8) (3,2) (7,5) (2,6) ]
Cycle of length 7 : [ (1,6) (2,3) (4,5) (7,1) (6,2) (3,4) (5,7) ]
Cycle of length 1 : [ (8,8) ]

Rule: 42330 ; ANF: f(x1,x2,x3,x4) = x1 + x3 + x4 ; Rule: 43605 ; ANF: f(x1,x2,x3,x4) = x1 + x3 + x4
Cycle of length 63 : [ (1,1) (1,8) (2,1) (2,7) (4,1) (4,5) (8,1) (7,1) (8,2) (6,2) (8,4) (4,4) (7,8) (7,7) (6,8) (6,6) (4,8) (3,4) (8,7) (5,7) (8,6) (2,6) (7,4) (3,3) (5,8) (5,5) (2,8) (1,2) (4,7) (2,3) (8,5) (3,5) (7,2) (5,1) (6,4) (2,2) (3,8) (4,3) (6,7) (7,5) (4,6) (5,2) (7,3) (2,4) (5,6) (3,7) (1,4) (6,5) (1,7) (3,2) (2,5) (6,3) (3,1) (3,6) (6,1) (5,3) (4,2) (1,6) (8,3) (1,3) (7,6) (1,5) (5,4) ]
Cycle of length 1 : [ (8,8) ]

